action,path,before_ordinal,after_ordinal,before_sha256,after_sha256,before_bytes,after_bytes
update_identity,scripts/hypotheses/H01/build_h01_stage3_reporting_inputs.R,1603,1603,eca3e1e855314838c51172d3dd24922ac8e5db096b6c5e3b505d74853885b28c,35443e52e2b554afb5cc2a6a8a88ba1a2b847fdac5f8ae5974005a336debbdc7,68213,68214
update_identity,artifacts/10_figures/H01/stage3/H01_stage3_model_support.png,867,867,601c65eebff8260b9c19d6f5e3a6054799e1fb7fa7f39442745073cb36098e7a,2244f043d4fb676200524440098be223e23106578513f4ac61567ba3f636da8b,238260,238682
update_identity,artifacts/10_figures/H01/stage3/H01_stage3_model_support.svg,868,868,c054674bacdd41ca2d02fff0a784955dfd77caf7604dacc166ccd0c8e1cfc098,602dd62de063d3e12ac53ca7d22dd2563e64213255b9cdc7e138941450ce1966,54756,54757
update_identity,artifacts/12_manifests/H01_stage3_reporting_artifacts.csv,1181,1181,476fa10db3383b2de82bb1824e9e5d89b8629d1666d080fe79520c5b81800806,16e752b57eafa43b9cc09d70a698ba194cb3fe83dc62bf1bcc3e08c67f85eb6e,22735,26497
update_identity,tests/hypotheses/H01/test_h01_report016_deviation_reconciliation.R,1628,1628,55c89eb03f9510ea3bce937a26da04d552d9eb4d6c2f87aec34884af69715765,bd3118d01beab3c0f8b941e6f6aaecad5533ced3116e4ddedcc8ad3f78bdbf55,6617,10138
append_core_member,scripts/hypotheses/H01/refresh_h01_stage3_model_support_fdr_label.R,,1632,,f87486c0975dc560887c92e98f9423baaa56a926a3d6533e6197b625e23c4353,,18143
append_core_member,tests/hypotheses/H01/test_h01_stage3_model_support_display_refresh.R,,1633,,121135a4ea1c86cc6e11fc476615ee207fb34fe01270912d3f74ef2c8b5ad9cb,,6747
append_core_member,audit/hypotheses/H01/report017_model_support_fdr_refresh/H01_stage3_model_support_pre_refresh.png,,1634,,601c65eebff8260b9c19d6f5e3a6054799e1fb7fa7f39442745073cb36098e7a,,238260
append_core_member,audit/hypotheses/H01/report017_model_support_fdr_refresh/H01_stage3_model_support_pre_refresh.svg,,1635,,c054674bacdd41ca2d02fff0a784955dfd77caf7604dacc166ccd0c8e1cfc098,,54756
append_core_member,audit/hypotheses/H01/report017_model_support_fdr_refresh/H01_model_support_fdr_refresh_sealed_source_comparison.csv,,1636,,b6d4caa0be10581d6b9580e3eaf893c90e15147366ecf94ab737cef547a23592,,357
append_core_member,audit/hypotheses/H01/report017_model_support_fdr_refresh/H01_model_support_fdr_refresh_plot_keys.csv,,1637,,4dca3adc9515cfc0f7bfc922d9c1b93ef7bd271820459ca6667b39003febdad7,,14337
append_core_member,audit/hypotheses/H01/report017_model_support_fdr_refresh/H01_model_support_fdr_refresh_png_difference.csv,,1638,,24febd8dbbc7f2c7c14fddbd60b4c6967e8cdd3aa9ddd4b9b5107c412c1ef3ee,,435
append_core_member,audit/hypotheses/H01/report017_model_support_fdr_refresh/H01_model_support_fdr_refresh_svg_difference.csv,,1639,,db7a62cf6bbc888b7a8bfe949c807770ac4267ec8054fb2ee35f78204129b373,,602
append_core_member,audit/hypotheses/H01/report017_model_support_fdr_refresh/H01_model_support_fdr_refresh_package_versions.csv,,1640,,7d3c59d072c07294a372fc28d5e7c3e4f63d5330ab21e97c6ca223abd616cb11,,101
append_core_member,audit/hypotheses/H01/report017_model_support_fdr_refresh/H01_model_support_fdr_refresh_audit.csv,,1641,,ea136c145a3e078f5724089923e347fe0b1f356ab49667b4fd8c2a773d3c52a0,,871
append_core_member,audit/hypotheses/H01/report017_model_support_fdr_refresh/H01_model_support_fdr_refresh_execution.csv,,1642,,443002a8a92f3a3c28ceef359184cfddb3c4863e68cb3f5681f4724b16af2628,,284
append_core_member,audit/hypotheses/H01/report017_model_support_fdr_refresh/H01_model_support_fdr_refresh_protected_inventory_pre.csv,,1643,,9e12f0303ff5ab0dbd29b326fc46ebe0d1845a53517e87b33e233c24274499ad,,379900
append_core_member,audit/hypotheses/H01/report017_model_support_fdr_refresh/collect_h01_report017_31f_inventory.R,,1644,,069bbbc4fb1a85b3c42e05020e5474fa916fc8f53f0650737fda30edff3579ec,,4235
